service_id,monday,tuesday,wednesday,thursday,friday,saturday,sunday,start_date,end_date
1_88002,0,0,0,0,0,1,1,20260101,20991231
1_88003,0,0,0,0,0,1,1,20260101,20991231
1_88004,0,0,0,0,0,1,1,20260101,20991231
1_88005,0,0,0,0,0,1,1,20260101,20991231
1_88006,0,0,0,0,0,1,1,20260101,20991231
1_88007,0,0,0,0,0,1,1,20260101,20991231
1_89001,0,0,0,0,0,1,1,20260420,20991231
1_89002,0,0,0,0,0,1,1,20260420,20991231
1_89003,0,0,0,0,0,1,1,20260420,20991231
1_89004,0,0,0,0,0,1,1,20260420,20991231
1_89005,0,0,0,0,0,1,1,20260420,20991231
1_89006,0,0,0,0,0,1,1,20260420,20991231
1_89007,0,0,0,0,0,1,1,20260420,20991231
1_89008,0,0,0,0,0,1,1,20260420,20991231
1_89009,0,0,0,0,0,1,1,20260420,20991231
1_89010,0,0,0,0,0,1,1,20260420,20991231
1_89011,0,0,0,0,0,1,1,20260420,20991231
1_89205,1,1,1,1,1,0,0,20260501,20991231
1_89206,1,1,1,1,1,0,0,20260501,20991231
1_89207,1,1,1,1,1,0,0,20260501,20991231
1_89208,1,1,1,1,1,0,0,20260501,20991231
1_89209,1,1,1,1,1,0,0,20260501,20991231
1_89210,1,1,1,1,1,0,0,20260501,20991231
1_89211,1,1,1,1,1,0,0,20260501,20991231
1_89212,1,1,1,1,1,0,0,20260501,20991231
1_89213,1,1,1,1,1,0,0,20260501,20991231
1_89214,1,1,1,1,1,0,0,20260501,20991231
1_89215,1,1,1,1,1,0,0,20260501,20991231
1_89216,1,1,1,1,1,0,0,20260501,20991231
1_89217,1,1,1,1,1,0,0,20260501,20991231
1_89218,1,1,1,1,1,0,0,20260501,20991231
1_89219,1,1,1,1,1,0,0,20260501,20991231
1_89220,1,1,1,1,1,0,0,20260501,20991231
1_89221,1,1,1,1,1,0,0,20260501,20991231
1_89222,1,1,1,1,1,0,0,20260501,20991231
1_89223,1,1,1,1,1,0,0,20260501,20991231
1_89224,1,1,1,1,1,0,0,20260501,20991231
1_89225,1,1,1,1,1,0,0,20260501,20991231
1_89226,1,1,1,1,1,0,0,20260501,20991231
1_89227,1,1,1,1,1,0,0,20260501,20991231
1_89228,1,1,1,1,1,0,0,20260501,20991231
1_89229,1,1,1,1,1,0,0,20260501,20991231
1_89230,1,1,1,1,1,0,0,20260501,20991231
1_89231,1,1,1,1,1,0,0,20260501,20991231
1_89232,1,1,1,1,1,0,0,20260501,20991231
1_89233,1,1,1,1,1,0,0,20260501,20991231
1_89234,1,1,1,1,1,0,0,20260501,20991231
1_89235,1,1,1,1,1,0,0,20260501,20991231
1_89236,1,1,1,1,1,0,0,20260501,20991231
1_89237,1,1,1,1,1,0,0,20260501,20991231
1_89238,1,1,1,1,1,0,0,20260501,20991231
1_89239,1,1,1,1,1,0,0,20260501,20991231
1_89240,1,1,1,1,1,0,0,20260501,20991231
1_89241,1,1,1,1,1,0,0,20260501,20991231
1_89242,1,1,1,1,1,0,0,20260501,20991231
1_89243,1,1,1,1,1,0,0,20260501,20991231
1_89244,1,1,1,1,1,0,0,20260501,20991231
1_89245,1,1,1,1,1,0,0,20260501,20991231
1_89246,1,1,1,1,1,0,0,20260501,20991231
1_89247,1,1,1,1,1,0,0,20260501,20991231
1_89248,1,1,1,1,1,0,0,20260501,20991231
1_89249,1,1,1,1,1,0,0,20260501,20991231
1_89250,1,1,1,1,1,0,0,20260501,20991231
1_89251,1,1,1,1,1,0,0,20260501,20991231
1_89252,1,1,1,1,1,0,0,20260501,20991231
1_89253,1,1,1,1,1,0,0,20260501,20991231
1_89271,0,0,0,0,0,1,1,20260501,20991231
1_89272,0,0,0,0,0,1,1,20260501,20991231
1_89273,0,0,0,0,0,1,1,20260501,20991231
1_89274,0,0,0,0,0,1,1,20260501,20991231
1_89275,0,0,0,0,0,1,1,20260501,20991231
1_89276,0,0,0,0,0,1,1,20260501,20991231
1_89277,0,0,0,0,0,1,1,20260501,20991231
1_89281,0,0,0,0,0,1,1,20260501,20991231
1_89282,0,0,0,0,0,1,1,20260501,20991231
1_89283,0,0,0,0,0,1,1,20260501,20991231
1_89284,0,0,0,0,0,1,1,20260501,20991231
1_89285,0,0,0,0,0,1,1,20260501,20991231
1_89286,0,0,0,0,0,1,1,20260501,20991231
1_89601,0,0,0,0,0,1,1,20260606,20991231
1_89602,0,0,0,0,0,1,1,20260606,20991231
1_89603,0,0,0,0,0,1,1,20260606,20991231
1_89606,0,0,0,0,0,1,1,20260606,20991231
1_89607,0,0,0,0,0,1,1,20260606,20991231
1_89608,0,0,0,0,0,1,1,20260606,20991231
1_89609,0,0,0,0,0,1,1,20260606,20991231
1_89614,0,0,0,0,0,1,1,20260606,20991231
1_89615,0,0,0,0,0,1,1,20260606,20991231
1_89616,0,0,0,0,0,1,1,20260606,20991231
1_89617,0,0,0,0,0,1,1,20260606,20991231
1_89618,0,0,0,0,0,1,1,20260606,20991231
1_89619,0,0,0,0,0,1,1,20260606,20991231
1_89620,0,0,0,0,0,1,1,20260606,20991231
1_89621,0,0,0,0,0,1,1,20260606,20991231
1_89681,1,1,1,1,1,0,0,20260611,20991231
1_89682,1,1,1,1,1,0,0,20260611,20991231
1_89683,1,1,1,1,1,0,0,20260611,20991231
1_89684,1,1,1,1,1,0,0,20260611,20991231
1_89705,1,1,1,1,1,0,0,20260612,20991231
1_89706,1,1,1,1,1,0,0,20260612,20991231
1_89707,1,1,1,1,1,0,0,20260612,20991231
1_89708,1,1,1,1,1,0,0,20260612,20991231
1_89709,1,1,1,1,1,0,0,20260612,20991231
1_89710,1,1,1,1,1,0,0,20260612,20991231
1_89711,1,1,1,1,1,0,0,20260612,20991231
1_89712,1,1,1,1,1,0,0,20260612,20991231
1_89713,1,1,1,1,1,0,0,20260612,20991231
1_89714,1,1,1,1,1,0,0,20260612,20991231
1_89747,0,0,0,0,0,1,1,20260626,20991231
1_89748,0,0,0,0,0,1,1,20260626,20991231
1_89749,0,0,0,0,0,1,1,20260626,20991231
1_89750,0,0,0,0,0,1,1,20260626,20991231
1_89751,0,0,0,0,0,1,1,20260626,20991231
1_89752,0,0,0,0,0,1,1,20260626,20991231
1_89753,0,0,0,0,0,1,1,20260626,20991231
1_89754,0,0,0,0,0,1,1,20260626,20991231
1_89755,0,0,0,0,0,1,1,20260626,20991231
1_89756,0,0,0,0,0,1,1,20260626,20991231
1_89757,0,0,0,0,0,1,1,20260626,20991231
1_89758,0,0,0,0,0,1,1,20260626,20991231
1_89759,0,0,0,0,0,1,1,20260626,20991231
1_89760,0,0,0,0,0,1,1,20260626,20991231
1_89761,0,0,0,0,0,1,1,20260626,20991231
1_89762,0,0,0,0,0,1,1,20260626,20991231
1_89763,0,0,0,0,0,1,1,20260626,20991231
1_89764,0,0,0,0,0,1,1,20260626,20991231
1_89765,0,0,0,0,0,1,1,20260626,20991231
1_89766,0,0,0,0,0,1,1,20260626,20991231
1_89771,0,0,0,0,0,1,1,20260701,20991231
1_89772,0,0,0,0,0,1,1,20260701,20991231
1_89773,0,0,0,0,0,1,1,20260701,20991231
1_89774,0,0,0,0,0,1,1,20260701,20991231
1_89775,0,0,0,0,0,1,1,20260701,20991231
1_89776,0,0,0,0,0,1,1,20260701,20991231
1_89777,0,0,0,0,0,1,1,20260701,20991231
1_89778,0,0,0,0,0,1,1,20260701,20991231
1_89779,0,0,0,0,0,1,1,20260701,20991231
1_89800,0,0,0,0,0,1,1,20260703,20991231
1_89801,0,0,0,0,0,1,1,20260703,20991231
1_89802,0,0,0,0,0,1,1,20260703,20991231
1_89803,0,0,0,0,0,1,1,20260703,20991231
1_89804,0,0,0,0,0,1,1,20260703,20991231
1_89805,0,0,0,0,0,1,1,20260703,20991231
1_89806,0,0,0,0,0,1,1,20260703,20991231
1_89807,0,0,0,0,0,1,1,20260703,20991231
1_89808,0,0,0,0,0,1,1,20260703,20991231
1_89809,0,0,0,0,0,1,1,20260703,20991231
1_89810,0,0,0,0,0,1,1,20260703,20991231
1_89811,0,0,0,0,0,1,1,20260703,20991231
1_89820,1,1,1,1,1,0,0,20260709,20991231
1_89821,1,1,1,1,1,0,0,20260709,20991231
1_89822,1,1,1,1,1,0,0,20260709,20991231
1_89823,1,1,1,1,1,0,0,20260709,20991231
1_89824,1,1,1,1,1,0,0,20260709,20991231
1_89833,1,1,1,1,1,0,0,20260709,20991231
1_89834,1,1,1,1,1,0,0,20260709,20991231
1_89835,1,1,1,1,1,0,0,20260709,20991231
1_89836,1,1,1,1,1,0,0,20260709,20991231
1_89837,1,1,1,1,1,0,0,20260709,20991231
1_89838,1,1,1,1,1,0,0,20260709,20991231
1_89839,1,1,1,1,1,0,0,20260709,20991231
1_89840,1,1,1,1,1,0,0,20260709,20991231
1_89841,1,1,1,1,1,0,0,20260709,20991231
1_89842,1,1,1,1,1,0,0,20260709,20991231
1_89893,1,1,1,1,1,0,0,20260713,20991231
1_89894,1,1,1,1,1,0,0,20260713,20991231
1_89905,1,1,1,1,1,0,0,20260713,20991231
1_89906,1,1,1,1,1,0,0,20260713,20991231
1_89907,1,1,1,1,1,0,0,20260713,20991231
1_89908,1,1,1,1,1,0,0,20260713,20991231
1_89909,1,1,1,1,1,0,0,20260713,20991231
1_89910,1,1,1,1,1,0,0,20260713,20991231
1_89911,1,1,1,1,1,0,0,20260713,20991231
1_89912,1,1,1,1,1,0,0,20260713,20991231
1_89913,1,1,1,1,1,0,0,20260713,20991231
1_89914,1,1,1,1,1,0,0,20260713,20991231
1_89915,1,1,1,1,1,0,0,20260713,20991231
1_89916,1,1,1,1,1,0,0,20260713,20991231
1_89917,1,1,1,1,1,0,0,20260713,20991231
1_89918,1,1,1,1,1,0,0,20260713,20991231
1_89919,1,1,1,1,1,0,0,20260713,20991231
1_89920,1,1,1,1,1,0,0,20260713,20991231
1_89921,1,1,1,1,1,0,0,20260713,20991231
1_89922,1,1,1,1,1,0,0,20260713,20991231
1_89923,1,1,1,1,1,0,0,20260713,20991231
1_89924,1,1,1,1,1,0,0,20260713,20991231
1_89925,1,1,1,1,1,0,0,20260713,20991231
1_89926,1,1,1,1,1,0,0,20260713,20991231
1_89927,1,1,1,1,1,0,0,20260713,20991231
1_89928,1,1,1,1,1,0,0,20260713,20991231
1_89929,1,1,1,1,1,0,0,20260713,20991231
1_89930,1,1,1,1,1,0,0,20260713,20991231
1_89931,1,1,1,1,1,0,0,20260713,20991231
1_89956,1,1,1,1,1,0,0,20260715,20991231
1_89957,1,1,1,1,1,0,0,20260715,20991231
1_89958,1,1,1,1,1,0,0,20260715,20991231
1_89959,1,1,1,1,1,0,0,20260715,20991231
1_89960,1,1,1,1,1,0,0,20260715,20991231
1_89961,1,1,1,1,1,0,0,20260715,20991231
1_89962,1,1,1,1,1,0,0,20260715,20991231
1_89963,1,1,1,1,1,0,0,20260715,20991231
1_89964,1,1,1,1,1,0,0,20260715,20991231
1_89965,1,1,1,1,1,0,0,20260715,20991231
1_89966,1,1,1,1,1,0,0,20260715,20991231
1_89967,1,1,1,1,1,0,0,20260715,20991231
1_89968,1,1,1,1,1,0,0,20260715,20991231
1_89969,1,1,1,1,1,0,0,20260715,20991231
1_89970,1,1,1,1,1,0,0,20260715,20991231
1_89971,1,1,1,1,1,0,0,20260715,20991231
2_122887,1,1,1,1,1,0,0,20260101,20991231
2_122888,1,1,1,1,1,0,0,20260101,20991231
2_122889,1,1,1,1,1,0,0,20260101,20991231
2_122890,1,1,1,1,1,0,0,20260101,20991231
2_122912,0,0,0,0,0,1,1,20260101,20991231
2_122913,0,0,0,0,0,1,1,20260101,20991231
2_122914,0,0,0,0,0,1,1,20260101,20991231
2_122923,0,0,0,0,0,1,1,20260101,20991231
2_122924,0,0,0,0,0,1,1,20260101,20991231
2_122925,0,0,0,0,0,1,1,20260101,20991231
2_122926,0,0,0,0,0,1,1,20260101,20991231
2_122927,0,0,0,0,0,1,1,20260101,20991231
2_122928,0,0,0,0,0,1,1,20260101,20991231
2_122929,0,0,0,0,0,1,1,20260101,20991231
2_122938,0,0,0,0,0,1,1,20260101,20991231
2_122939,0,0,0,0,0,1,1,20260101,20991231
2_122940,0,0,0,0,0,1,1,20260101,20991231
2_122941,0,0,0,0,0,1,1,20260101,20991231
2_122942,0,0,0,0,0,1,1,20260101,20991231
2_122943,0,0,0,0,0,1,1,20260101,20991231
2_122944,1,1,1,1,1,0,0,20260101,20991231
2_122945,1,1,1,1,1,0,0,20260101,20991231
2_122946,1,1,1,1,1,0,0,20260101,20991231
2_122947,1,1,1,1,1,0,0,20260101,20991231
2_122948,1,1,1,1,1,0,0,20260101,20991231
2_122949,1,1,1,1,1,0,0,20260101,20991231
2_122950,1,1,1,1,1,0,0,20260101,20991231
2_122988,0,0,0,0,0,1,1,20260101,20991231
2_122989,0,0,0,0,0,1,1,20260101,20991231
2_122990,0,0,0,0,0,1,1,20260101,20991231
2_122991,0,0,0,0,0,1,1,20260101,20991231
2_123002,0,0,0,0,0,1,1,20260101,20991231
2_123003,0,0,0,0,0,1,1,20260101,20991231
2_123004,0,0,0,0,0,1,1,20260101,20991231
2_123005,0,0,0,0,0,1,1,20260101,20991231
2_123035,1,1,1,1,1,0,0,20260101,20991231
2_123036,1,1,1,1,1,0,0,20260101,20991231
2_123058,0,0,0,0,0,1,1,20260101,20991231
2_123059,0,0,0,0,0,1,1,20260101,20991231
2_123060,1,1,1,1,1,0,0,20260101,20991231
2_123061,1,1,1,1,1,0,0,20260101,20991231
2_123065,0,0,0,0,0,1,1,20260101,20991231
2_123066,0,0,0,0,0,1,1,20260101,20991231
2_123067,0,0,0,0,0,1,1,20260101,20991231
2_123068,0,0,0,0,0,1,1,20260101,20991231
2_123069,0,0,0,0,0,1,1,20260101,20991231
2_123070,0,0,0,0,0,1,1,20260101,20991231
2_123071,0,0,0,0,0,1,1,20260101,20991231
2_123072,0,0,0,0,0,1,1,20260101,20991231
2_123073,0,0,0,0,0,1,1,20260101,20991231
2_123077,0,0,0,0,0,1,1,20260101,20991231
2_123078,0,0,0,0,0,1,1,20260101,20991231
2_123137,0,0,0,0,0,1,1,20260101,20991231
2_123138,0,0,0,0,0,1,1,20260101,20991231
2_123139,0,0,0,0,0,1,1,20260101,20991231
2_123140,0,0,0,0,0,1,1,20260101,20991231
2_123141,1,1,1,1,1,0,0,20260101,20991231
2_123142,1,1,1,1,1,0,0,20260101,20991231
2_123143,1,1,1,1,1,0,0,20260101,20991231
2_123144,1,1,1,1,1,0,0,20260101,20991231
2_123145,1,1,1,1,1,0,0,20260101,20991231
2_123146,1,1,1,1,1,0,0,20260101,20991231
2_123147,1,1,1,1,1,0,0,20260101,20991231
2_123148,1,1,1,1,1,0,0,20260101,20991231
2_123149,1,1,1,1,1,0,0,20260101,20991231
2_123150,1,1,1,1,1,0,0,20260101,20991231
2_123160,0,0,0,0,0,1,1,20260101,20991231
2_123161,0,0,0,0,0,1,1,20260101,20991231
2_123162,0,0,0,0,0,1,1,20260101,20991231
2_123163,0,0,0,0,0,1,1,20260101,20991231
2_123164,0,0,0,0,0,1,1,20260101,20991231
2_123195,0,0,0,0,0,1,1,20260101,20991231
2_123196,0,0,0,0,0,1,1,20260101,20991231
2_123197,1,1,1,1,1,0,0,20260101,20991231
2_123198,1,1,1,1,1,0,0,20260101,20991231
2_123202,1,1,1,1,1,0,0,20260101,20991231
2_123203,1,1,1,1,1,0,0,20260101,20991231
2_123204,1,1,1,1,1,0,0,20260101,20991231
2_123205,1,1,1,1,1,0,0,20260101,20991231
2_123206,1,1,1,1,1,0,0,20260101,20991231
2_123207,0,0,0,0,0,1,1,20260101,20991231
2_123208,0,0,0,0,0,1,1,20260101,20991231
2_123209,0,0,0,0,0,1,1,20260101,20991231
2_123210,0,0,0,0,0,1,1,20260101,20991231
2_123211,0,0,0,0,0,1,1,20260101,20991231
2_123305,1,1,1,1,1,0,0,20260105,20991231
2_123306,1,1,1,1,1,0,0,20260105,20991231
2_123307,1,1,1,1,1,0,0,20260105,20991231
2_123308,1,1,1,1,1,0,0,20260105,20991231
2_123309,1,1,1,1,1,0,0,20260105,20991231
2_123310,1,1,1,1,1,0,0,20260105,20991231
2_123352,1,1,1,1,1,0,0,20260304,20991231
2_123353,1,1,1,1,1,0,0,20260304,20991231
2_123354,1,1,1,1,1,0,0,20260304,20991231
2_123355,1,1,1,1,1,0,0,20260304,20991231
2_123356,1,1,1,1,1,0,0,20260304,20991231
2_123357,1,1,1,1,1,0,0,20260304,20991231
2_123358,1,1,1,1,1,0,0,20260304,20991231
2_123359,1,1,1,1,1,0,0,20260304,20991231
2_123360,1,1,1,1,1,0,0,20260304,20991231
2_123441,1,1,1,1,1,0,0,20260318,20991231
2_123442,1,1,1,1,1,0,0,20260318,20991231
2_123443,1,1,1,1,1,0,0,20260318,20991231
2_123444,1,1,1,1,1,0,0,20260318,20991231
2_123445,1,1,1,1,1,0,0,20260318,20991231
2_123533,0,0,0,0,0,1,1,20260401,20991231
2_123534,0,0,0,0,0,1,1,20260401,20991231
2_123535,0,0,0,0,0,1,1,20260401,20991231
2_123536,0,0,0,0,0,1,1,20260401,20991231
2_123537,0,0,0,0,0,1,1,20260401,20991231
2_123538,0,0,0,0,0,1,1,20260401,20991231
2_123539,0,0,0,0,0,1,1,20260401,20991231
2_123540,0,0,0,0,0,1,1,20260401,20991231
2_123600,1,1,1,1,1,0,0,20260406,20991231
2_123601,1,1,1,1,1,0,0,20260406,20991231
2_123602,1,1,1,1,1,0,0,20260406,20991231
2_123627,1,1,1,1,1,0,0,20260407,20991231
2_123628,1,1,1,1,1,0,0,20260407,20991231
2_123629,1,1,1,1,1,0,0,20260407,20991231
2_123630,1,1,1,1,1,0,0,20260407,20991231
2_123631,1,1,1,1,1,0,0,20260407,20991231
2_123655,1,1,1,1,1,0,0,20260416,20991231
2_123656,1,1,1,1,1,0,0,20260416,20991231
2_123657,1,1,1,1,1,0,0,20260416,20991231
2_123658,0,0,0,0,0,1,1,20260418,20991231
2_123659,0,0,0,0,0,1,1,20260418,20991231
2_123660,0,0,0,0,0,1,1,20260418,20991231
2_123694,0,0,0,0,0,1,1,20260420,20991231
2_123695,0,0,0,0,0,1,1,20260420,20991231
2_123696,0,0,0,0,0,1,1,20260420,20991231
2_123697,0,0,0,0,0,1,1,20260420,20991231
2_123698,0,0,0,0,0,1,1,20260420,20991231
2_123699,0,0,0,0,0,1,1,20260420,20991231
2_123700,0,0,0,0,0,1,1,20260420,20991231
2_123701,0,0,0,0,0,1,1,20260420,20991231
2_123702,0,0,0,0,0,1,1,20260420,20991231
2_123711,0,0,0,0,0,1,1,20260420,20991231
2_123712,0,0,0,0,0,1,1,20260420,20991231
2_123713,0,0,0,0,0,1,1,20260420,20991231
2_123714,0,0,0,0,0,1,1,20260420,20991231
2_123715,0,0,0,0,0,1,1,20260420,20991231
2_123775,0,0,0,0,0,1,1,20260420,20991231
2_123776,0,0,0,0,0,1,1,20260420,20991231
2_123777,0,0,0,0,0,1,1,20260420,20991231
2_123778,0,0,0,0,0,1,1,20260420,20991231
2_123779,0,0,0,0,0,1,1,20260420,20991231
2_123785,0,0,0,0,0,1,1,20260420,20991231
2_123786,0,0,0,0,0,1,1,20260420,20991231
2_123787,0,0,0,0,0,1,1,20260420,20991231
2_123821,1,1,1,1,1,0,0,20260423,20991231
2_123822,1,1,1,1,1,0,0,20260423,20991231
2_123823,1,1,1,1,1,0,0,20260423,20991231
2_123824,1,1,1,1,1,0,0,20260423,20991231
2_123825,1,1,1,1,1,0,0,20260423,20991231
2_123826,1,1,1,1,1,0,0,20260423,20991231
2_123827,1,1,1,1,1,0,0,20260423,20991231
2_123828,1,1,1,1,1,0,0,20260423,20991231
2_123829,1,1,1,1,1,0,0,20260423,20991231
2_123830,1,1,1,1,1,0,0,20260423,20991231
2_123831,1,1,1,1,1,0,0,20260423,20991231
2_123832,1,1,1,1,1,0,0,20260423,20991231
2_123833,1,1,1,1,1,0,0,20260423,20991231
2_123860,1,1,1,1,1,0,0,20260423,20991231
2_123861,1,1,1,1,1,0,0,20260423,20991231
2_123862,1,1,1,1,1,0,0,20260423,20991231
2_123863,1,1,1,1,1,0,0,20260423,20991231
2_123864,1,1,1,1,1,0,0,20260423,20991231
2_123865,1,1,1,1,1,0,0,20260423,20991231
2_123878,0,0,0,0,0,1,1,20260425,20991231
2_123879,0,0,0,0,0,1,1,20260425,20991231
2_123880,0,0,0,0,0,1,1,20260425,20991231
2_123885,0,0,0,0,0,1,1,20260501,20991231
2_123886,0,0,0,0,0,1,1,20260501,20991231
2_123887,0,0,0,0,0,1,1,20260501,20991231
2_123888,1,1,1,1,1,0,0,20260501,20991231
2_123889,1,1,1,1,1,0,0,20260501,20991231
2_123890,1,1,1,1,1,0,0,20260501,20991231
2_123891,1,1,1,1,1,0,0,20260501,20991231
2_123892,1,1,1,1,1,0,0,20260501,20991231
2_123893,1,1,1,1,1,0,0,20260501,20991231
2_123894,1,1,1,1,1,0,0,20260501,20991231
2_123914,0,0,0,0,0,1,1,20260501,20991231
2_123915,0,0,0,0,0,1,1,20260501,20991231
2_123916,0,0,0,0,0,1,1,20260501,20991231
2_123917,0,0,0,0,0,1,1,20260501,20991231
2_123918,0,0,0,0,0,1,1,20260501,20991231
2_123919,0,0,0,0,0,1,1,20260501,20991231
2_123920,0,0,0,0,0,1,1,20260501,20991231
2_123925,0,0,0,0,0,1,1,20260501,20260717
2_123926,0,0,0,0,0,1,1,20260501,20260717
2_123927,0,0,0,0,0,1,1,20260501,20260717
2_123928,0,0,0,0,0,1,1,20260501,20260717
2_123939,0,0,0,0,0,1,1,20260501,20991231
2_123940,0,0,0,0,0,1,1,20260501,20991231
2_123941,0,0,0,0,0,1,1,20260501,20991231
2_123942,0,0,0,0,0,1,1,20260501,20991231
2_123943,0,0,0,0,0,1,1,20260501,20991231
2_123944,0,0,0,0,0,1,1,20260501,20991231
2_123967,1,1,1,1,1,0,0,20260501,20260716
2_123968,1,1,1,1,1,0,0,20260501,20260716
2_123969,1,1,1,1,1,0,0,20260501,20260716
2_123970,1,1,1,1,1,0,0,20260501,20260716
2_123971,1,1,1,1,1,0,0,20260501,20260716
2_123972,1,1,1,1,1,0,0,20260501,20260716
2_123989,1,1,1,1,1,0,0,20260504,20991231
2_123990,1,1,1,1,1,0,0,20260504,20991231
2_123991,1,1,1,1,1,0,0,20260504,20991231
2_123992,1,1,1,1,1,0,0,20260504,20991231
2_123993,1,1,1,1,1,0,0,20260504,20991231
2_123994,1,1,1,1,1,0,0,20260504,20991231
2_123995,1,1,1,1,1,0,0,20260504,20991231
2_123996,1,1,1,1,1,0,0,20260504,20991231
2_123997,1,1,1,1,1,0,0,20260504,20991231
2_123998,1,1,1,1,1,0,0,20260506,20991231
2_123999,1,1,1,1,1,0,0,20260506,20991231
2_124000,1,1,1,1,1,0,0,20260506,20991231
2_124001,1,1,1,1,1,0,0,20260506,20991231
2_124002,1,1,1,1,1,0,0,20260506,20991231
2_124003,1,1,1,1,1,0,0,20260506,20991231
2_124004,1,1,1,1,1,0,0,20260506,20991231
2_124009,1,1,1,1,1,0,0,20260513,20991231
2_124010,1,1,1,1,1,0,0,20260513,20991231
2_124011,1,1,1,1,1,0,0,20260513,20991231
2_124012,1,1,1,1,1,0,0,20260513,20991231
2_124013,1,1,1,1,1,0,0,20260513,20991231
2_124014,1,1,1,1,1,0,0,20260513,20991231
2_124015,1,1,1,1,1,0,0,20260513,20991231
2_124016,1,1,1,1,1,0,0,20260513,20991231
2_124017,1,1,1,1,1,0,0,20260513,20991231
2_124018,1,1,1,1,1,0,0,20260513,20991231
2_124019,1,1,1,1,1,0,0,20260513,20991231
2_124066,1,1,1,1,1,0,0,20260601,20991231
2_124067,1,1,1,1,1,0,0,20260601,20991231
2_124068,1,1,1,1,1,0,0,20260601,20991231
2_124069,1,1,1,1,1,0,0,20260601,20991231
2_124070,1,1,1,1,1,0,0,20260601,20991231
2_124071,1,1,1,1,1,0,0,20260601,20991231
2_124072,1,1,1,1,1,0,0,20260601,20991231
2_124073,1,1,1,1,1,0,0,20260601,20991231
2_124074,1,1,1,1,1,0,0,20260601,20991231
2_124075,1,1,1,1,1,0,0,20260601,20991231
2_124076,1,1,1,1,1,0,0,20260601,20991231
2_124077,1,1,1,1,1,0,0,20260601,20991231
2_124078,1,1,1,1,1,0,0,20260601,20991231
2_124079,1,1,1,1,1,0,0,20260601,20991231
2_124080,1,1,1,1,1,0,0,20260601,20991231
2_124081,1,1,1,1,1,0,0,20260601,20991231
2_124082,1,1,1,1,1,0,0,20260601,20991231
2_124094,0,0,0,0,0,1,1,20260601,20991231
2_124095,0,0,0,0,0,1,1,20260601,20991231
2_124096,0,0,0,0,0,1,1,20260601,20991231
2_124097,0,0,0,0,0,1,1,20260601,20991231
2_124098,0,0,0,0,0,1,1,20260601,20991231
2_124099,0,0,0,0,0,1,1,20260601,20991231
2_124100,0,0,0,0,0,1,1,20260601,20991231
2_124101,0,0,0,0,0,1,1,20260601,20991231
2_124147,0,0,0,0,0,1,1,20260613,20991231
2_124148,0,0,0,0,0,1,1,20260613,20991231
2_124149,0,0,0,0,0,1,1,20260613,20991231
2_124150,0,0,0,0,0,1,1,20260613,20991231
2_124151,0,0,0,0,0,1,1,20260613,20991231
2_124160,0,0,0,0,0,1,1,20260627,20991231
2_124161,0,0,0,0,0,1,1,20260627,20991231
2_124162,0,0,0,0,0,1,1,20260627,20991231
2_124176,1,1,1,1,1,0,0,20260623,20991231
2_124177,1,1,1,1,1,0,0,20260623,20991231
2_124178,1,1,1,1,1,0,0,20260623,20991231
2_124179,1,1,1,1,1,0,0,20260623,20991231
2_124180,1,1,1,1,1,0,0,20260623,20991231
2_124181,1,1,1,1,1,0,0,20260623,20991231
2_124195,1,1,1,1,1,0,0,20260623,20991231
2_124196,1,1,1,1,1,0,0,20260623,20991231
2_124197,1,1,1,1,1,0,0,20260623,20991231
2_124198,1,1,1,1,1,0,0,20260623,20991231
2_124199,1,1,1,1,1,0,0,20260623,20991231
2_124200,1,1,1,1,1,0,0,20260623,20991231
2_124201,1,1,1,1,1,0,0,20260623,20991231
2_124202,1,1,1,1,1,0,0,20260623,20991231
2_124203,1,1,1,1,1,0,0,20260623,20991231
2_124204,1,1,1,1,1,0,0,20260623,20991231
2_124205,1,1,1,1,1,0,0,20260623,20991231
2_124206,1,1,1,1,1,0,0,20260623,20991231
2_124207,1,1,1,1,1,0,0,20260623,20991231
2_124208,1,1,1,1,1,0,0,20260623,20991231
2_124209,1,1,1,1,1,0,0,20260623,20991231
2_124210,1,1,1,1,1,0,0,20260623,20991231
2_124211,1,1,1,1,1,0,0,20260623,20991231
2_124212,1,1,1,1,1,0,0,20260623,20991231
2_124213,1,1,1,1,1,0,0,20260623,20991231
2_124214,1,1,1,1,1,0,0,20260623,20991231
2_124215,1,1,1,1,1,0,0,20260623,20991231
2_124216,1,1,1,1,1,0,0,20260623,20991231
2_124251,0,0,0,0,0,1,1,20260627,20991231
2_124252,0,0,0,0,0,1,1,20260627,20991231
2_124253,0,0,0,0,0,1,1,20260627,20991231
2_124254,0,0,0,0,0,1,1,20260627,20991231
2_124255,0,0,0,0,0,1,1,20260627,20991231
2_124256,0,0,0,0,0,1,1,20260627,20991231
2_124257,0,0,0,0,0,1,1,20260627,20991231
2_124258,0,0,0,0,0,1,1,20260627,20991231
2_124259,0,0,0,0,0,1,1,20260627,20991231
2_124260,0,0,0,0,0,1,1,20260627,20991231
2_124261,0,0,0,0,0,1,1,20260627,20991231
2_124262,0,0,0,0,0,1,1,20260627,20991231
2_124263,0,0,0,0,0,1,1,20260627,20991231
2_124264,0,0,0,0,0,1,1,20260627,20991231
2_124265,0,0,0,0,0,1,1,20260627,20991231
2_124266,0,0,0,0,0,1,1,20260627,20991231
2_124267,0,0,0,0,0,1,1,20260627,20991231
2_124284,0,0,0,0,0,1,1,20260627,20991231
2_124285,0,0,0,0,0,1,1,20260627,20991231
2_124286,0,0,0,0,0,1,1,20260627,20991231
2_124287,0,0,0,0,0,1,1,20260627,20991231
2_124288,0,0,0,0,0,1,1,20260627,20991231
2_124289,0,0,0,0,0,1,1,20260627,20991231
2_124290,0,0,0,0,0,1,1,20260627,20991231
2_124291,0,0,0,0,0,1,1,20260627,20991231
2_124292,0,0,0,0,0,1,1,20260627,20991231
2_124298,0,0,0,0,0,1,1,20260627,20991231
2_124299,0,0,0,0,0,1,1,20260627,20991231
2_124300,0,0,0,0,0,1,1,20260627,20991231
2_124301,0,0,0,0,0,1,1,20260627,20991231
2_124302,0,0,0,0,0,1,1,20260627,20991231
2_124303,1,1,1,1,1,0,0,20260701,20991231
2_124304,1,1,1,1,1,0,0,20260701,20991231
2_124305,1,1,1,1,1,0,0,20260701,20991231
2_124306,1,1,1,1,1,0,0,20260701,20991231
2_124307,1,1,1,1,1,0,0,20260701,20991231
2_124308,1,1,1,1,1,0,0,20260701,20991231
2_124309,1,1,1,1,1,0,0,20260701,20991231
2_124310,1,1,1,1,1,0,0,20260701,20991231
2_124311,1,1,1,1,1,0,0,20260701,20991231
2_124312,0,0,0,0,0,1,1,20260701,20991231
2_124313,0,0,0,0,0,1,1,20260701,20991231
2_124314,0,0,0,0,0,1,1,20260701,20991231
2_124315,0,0,0,0,0,1,1,20260701,20991231
2_124316,0,0,0,0,0,1,1,20260701,20991231
2_124317,0,0,0,0,0,1,1,20260701,20991231
2_124318,0,0,0,0,0,1,1,20260701,20991231
2_124319,1,1,1,1,1,0,0,20260701,20991231
2_124320,1,1,1,1,1,0,0,20260701,20991231
2_124321,1,1,1,1,1,0,0,20260701,20991231
2_124322,1,1,1,1,1,0,0,20260701,20991231
2_124323,1,1,1,1,1,0,0,20260701,20991231
2_124324,1,1,1,1,1,0,0,20260701,20991231
2_124325,0,0,0,0,0,1,1,20260701,20991231
2_124326,0,0,0,0,0,1,1,20260701,20991231
2_124327,0,0,0,0,0,1,1,20260701,20991231
2_124328,0,0,0,0,0,1,1,20260701,20991231
2_124333,1,1,1,1,1,0,0,20260706,20991231
2_124334,1,1,1,1,1,0,0,20260706,20991231
2_124335,1,1,1,1,1,0,0,20260706,20991231
2_124336,1,1,1,1,1,0,0,20260706,20991231
2_124337,1,1,1,1,1,0,0,20260706,20991231
2_124338,1,1,1,1,1,0,0,20260706,20991231
2_124339,1,1,1,1,1,0,0,20260706,20991231
2_124340,1,1,1,1,1,0,0,20260706,20991231
2_124341,1,1,1,1,1,0,0,20260706,20991231
2_124342,1,1,1,1,1,0,0,20260706,20991231
2_124343,1,1,1,1,1,0,0,20260706,20991231
2_124344,1,1,1,1,1,0,0,20260706,20991231
2_124345,1,1,1,1,1,0,0,20260706,20991231
2_124346,1,1,1,1,1,0,0,20260706,20991231
2_124347,1,1,1,1,1,0,0,20260706,20991231
2_124352,1,1,1,1,1,0,0,20260707,20991231
2_124353,1,1,1,1,1,0,0,20260707,20991231
2_124354,1,1,1,1,1,0,0,20260707,20991231
2_124355,1,1,1,1,1,0,0,20260707,20991231
2_124356,1,1,1,1,1,0,0,20260707,20991231
2_124357,1,1,1,1,1,0,0,20260707,20991231
2_124358,1,1,1,1,1,0,0,20260707,20991231
2_124359,1,1,1,1,1,0,0,20260707,20991231
2_124360,1,1,1,1,1,0,0,20260707,20991231
2_124361,1,1,1,1,1,0,0,20260707,20991231
2_124362,1,1,1,1,1,0,0,20260707,20991231
2_124363,1,1,1,1,1,0,0,20260707,20991231
2_124364,1,1,1,1,1,0,0,20260707,20991231
2_124365,1,1,1,1,1,0,0,20260708,20991231
2_124366,1,1,1,1,1,0,0,20260708,20991231
2_124367,1,1,1,1,1,0,0,20260708,20991231
2_124368,1,1,1,1,1,0,0,20260708,20991231
2_124369,1,1,1,1,1,0,0,20260708,20991231
2_124370,1,1,1,1,1,0,0,20260708,20991231
2_124371,1,1,1,1,1,0,0,20260708,20991231
2_124372,1,1,1,1,1,0,0,20260708,20991231
2_124373,1,1,1,1,1,0,0,20260708,20991231
2_124374,1,1,1,1,1,0,0,20260708,20991231
2_124375,1,1,1,1,1,0,0,20260708,20991231
2_124376,1,1,1,1,1,0,0,20260708,20991231
2_124377,1,1,1,1,1,0,0,20260708,20991231
2_124378,1,1,1,1,1,0,0,20260708,20991231
2_124379,1,1,1,1,1,0,0,20260708,20991231
2_124380,1,1,1,1,1,0,0,20260708,20991231
2_124381,1,1,1,1,1,0,0,20260708,20991231
2_124382,1,1,1,1,1,0,0,20260709,20991231
2_124383,1,1,1,1,1,0,0,20260709,20991231
2_124384,1,1,1,1,1,0,0,20260709,20991231
2_124385,1,1,1,1,1,0,0,20260709,20991231
2_124386,1,1,1,1,1,0,0,20260709,20991231
2_124387,1,1,1,1,1,0,0,20260709,20991231
2_124388,1,1,1,1,1,0,0,20260709,20991231
2_124389,1,1,1,1,1,0,0,20260709,20991231
2_124390,1,1,1,1,1,0,0,20260709,20991231
2_124391,1,1,1,1,1,0,0,20260709,20991231
2_124392,1,1,1,1,1,0,0,20260709,20991231
2_124393,1,1,1,1,1,0,0,20260709,20991231
2_124394,1,1,1,1,1,0,0,20260709,20991231
2_124397,0,0,0,0,0,1,1,20260712,20260717
2_124398,0,0,0,0,0,1,1,20260712,20260717
2_124399,0,0,0,0,0,1,1,20260711,20991231
2_124400,0,0,0,0,0,1,1,20260711,20991231
2_124401,0,0,0,0,0,1,1,20260711,20991231
2_124402,0,0,0,0,0,1,1,20260711,20991231
2_124403,0,0,0,0,0,1,1,20260711,20991231
2_124404,0,0,0,0,0,1,1,20260711,20991231
2_124405,0,0,0,0,0,1,1,20260711,20991231
2_124406,0,0,0,0,0,1,1,20260711,20991231
2_124407,0,0,0,0,0,1,1,20260711,20991231
2_124408,0,0,0,0,0,1,1,20260711,20991231
2_124409,0,0,0,0,0,1,1,20260711,20991231
2_124410,0,0,0,0,0,1,1,20260711,20991231
3_127439,1,1,1,1,1,0,0,20260101,20991231
3_127776,0,0,0,0,0,1,1,20260103,20991231
3_127798,0,0,0,0,0,1,1,20260103,20991231
3_127819,0,0,0,0,0,1,1,20260103,20991231
3_127820,0,0,0,0,0,1,1,20260103,20991231
3_127821,0,0,0,0,0,1,1,20260103,20991231
3_127822,0,0,0,0,0,1,1,20260103,20991231
3_127867,0,0,0,0,0,1,1,20260103,20991231
3_127868,0,0,0,0,0,1,1,20260103,20991231
3_127869,0,0,0,0,0,1,1,20260103,20991231
3_127874,0,0,0,0,0,1,1,20260103,20991231
3_127875,0,0,0,0,0,1,1,20260103,20991231
3_127878,0,0,0,0,0,1,1,20260103,20991231
3_127879,0,0,0,0,0,1,1,20260103,20991231
3_127880,0,0,0,0,0,1,1,20260103,20991231
3_127885,0,0,0,0,0,1,1,20260103,20991231
3_127906,0,0,0,0,0,1,1,20260103,20991231
3_127907,0,0,0,0,0,1,1,20260103,20991231
3_128708,0,0,0,0,0,1,1,20260117,20991231
3_128709,0,0,0,0,0,1,1,20260117,20991231
3_128710,0,0,0,0,0,1,1,20260117,20991231
3_128725,0,0,0,0,0,1,1,20260117,20991231
3_128726,0,0,0,0,0,1,1,20260117,20991231
3_128727,0,0,0,0,0,1,1,20260117,20991231
3_130359,0,0,0,0,0,1,1,20260301,20991231
3_130443,1,1,1,1,1,0,0,20260226,20991231
3_130444,1,1,1,1,1,0,0,20260226,20991231
3_130445,1,1,1,1,1,0,0,20260226,20991231
3_130452,1,1,1,1,1,0,0,20260226,20991231
3_130482,1,1,1,1,1,0,0,20260226,20991231
3_130483,1,1,1,1,1,0,0,20260226,20991231
3_130484,1,1,1,1,1,0,0,20260226,20991231
3_130485,1,1,1,1,1,0,0,20260226,20991231
3_130486,1,1,1,1,1,0,0,20260226,20991231
3_130516,1,1,1,1,1,0,0,20260226,20991231
3_130523,1,1,1,1,1,0,0,20260226,20991231
3_130524,1,1,1,1,1,0,0,20260226,20991231
3_130830,0,0,0,0,0,1,1,20260301,20991231
3_130849,0,0,0,0,0,1,1,20260301,20991231
3_130850,0,0,0,0,0,1,1,20260301,20991231
3_130851,0,0,0,0,0,1,1,20260228,20991231
3_130852,0,0,0,0,0,1,1,20260228,20991231
3_130853,0,0,0,0,0,1,1,20260228,20991231
3_130930,0,0,0,0,0,1,1,20260228,20991231
3_130994,1,1,1,1,1,0,0,20260304,20991231
3_130995,1,1,1,1,1,0,0,20260304,20991231
3_131061,1,1,1,1,1,0,0,20260304,20991231
3_131062,1,1,1,1,1,0,0,20260304,20991231
3_131094,1,1,1,1,1,0,0,20260304,20991231
3_131171,1,1,1,1,1,0,0,20260305,20991231
3_131172,1,1,1,1,1,0,0,20260305,20991231
3_131173,1,1,1,1,1,0,0,20260305,20991231
3_131180,0,0,0,0,0,1,1,20260307,20991231
3_131181,0,0,0,0,0,1,1,20260307,20991231
3_131182,0,0,0,0,0,1,1,20260307,20991231
3_131183,0,0,0,0,0,1,1,20260307,20991231
3_131213,0,0,0,0,0,1,1,20260307,20991231
3_131214,0,0,0,0,0,1,1,20260307,20991231
3_131215,0,0,0,0,0,1,1,20260307,20991231
3_131216,0,0,0,0,0,1,1,20260307,20991231
3_131217,0,0,0,0,0,1,1,20260307,20991231
3_131222,0,0,0,0,0,1,1,20260307,20991231
3_131223,0,0,0,0,0,1,1,20260307,20991231
3_131224,0,0,0,0,0,1,1,20260307,20991231
3_131225,0,0,0,0,0,1,1,20260307,20991231
3_131231,0,0,0,0,0,1,1,20260307,20991231
3_131232,0,0,0,0,0,1,1,20260307,20991231
3_131233,0,0,0,0,0,1,1,20260307,20991231
3_131234,0,0,0,0,0,1,1,20260307,20991231
3_131235,0,0,0,0,0,1,1,20260307,20991231
3_131240,0,0,0,0,0,1,1,20260307,20991231
3_131241,0,0,0,0,0,1,1,20260307,20991231
3_131242,0,0,0,0,0,1,1,20260307,20991231
3_131426,1,1,1,1,1,0,0,20260401,20991231
3_131427,1,1,1,1,1,0,0,20260401,20991231
3_131441,1,1,1,1,1,0,0,20260401,20991231
3_131442,1,1,1,1,1,0,0,20260401,20991231
3_131443,1,1,1,1,1,0,0,20260401,20991231
3_131444,1,1,1,1,1,0,0,20260401,20991231
3_131445,1,1,1,1,1,0,0,20260401,20991231
3_131482,1,1,1,1,1,0,0,20260401,20991231
3_131506,1,1,1,1,1,0,0,20260401,20991231
3_131507,1,1,1,1,1,0,0,20260401,20991231
3_131508,1,1,1,1,1,0,0,20260401,20991231
3_131509,1,1,1,1,1,0,0,20260401,20991231
3_131540,1,1,1,1,1,0,0,20260401,20991231
3_131570,0,0,0,0,0,1,1,20260404,20991231
3_131571,0,0,0,0,0,1,1,20260404,20991231
3_131572,0,0,0,0,0,1,1,20260404,20991231
3_131573,0,0,0,0,0,1,1,20260404,20991231
3_131574,0,0,0,0,0,1,1,20260404,20991231
3_131581,0,0,0,0,0,1,1,20260404,20991231
3_131582,0,0,0,0,0,1,1,20260404,20991231
3_131583,0,0,0,0,0,1,1,20260404,20991231
3_131588,0,0,0,0,0,1,1,20260404,20991231
3_131589,0,0,0,0,0,1,1,20260404,20991231
3_131590,0,0,0,0,0,1,1,20260404,20991231
3_131614,0,0,0,0,0,1,1,20260404,20991231
3_131629,1,1,1,1,1,0,0,20260406,20991231
3_131630,1,1,1,1,1,0,0,20260406,20991231
3_131631,1,1,1,1,1,0,0,20260406,20991231
3_131632,1,1,1,1,1,0,0,20260406,20991231
3_131641,1,1,1,1,1,0,0,20260406,20991231
3_131642,1,1,1,1,1,0,0,20260406,20991231
3_131643,1,1,1,1,1,0,0,20260406,20991231
3_131644,1,1,1,1,1,0,0,20260406,20991231
3_131851,1,1,1,1,1,0,0,20260421,20991231
3_131852,1,1,1,1,1,0,0,20260421,20991231
3_131853,1,1,1,1,1,0,0,20260421,20991231
3_131854,1,1,1,1,1,0,0,20260421,20991231
3_132085,0,0,0,0,0,1,1,20260425,20991231
3_132086,0,0,0,0,0,1,1,20260425,20991231
3_132087,0,0,0,0,0,1,1,20260425,20991231
3_132088,0,0,0,0,0,1,1,20260425,20991231
3_132089,0,0,0,0,0,1,1,20260425,20991231
3_132144,1,1,1,1,1,0,0,20260421,20991231
3_132145,1,1,1,1,1,0,0,20260421,20991231
3_132146,1,1,1,1,1,0,0,20260421,20991231
3_132147,1,1,1,1,1,0,0,20260421,20991231
3_132148,1,1,1,1,1,0,0,20260421,20991231
3_132229,1,1,1,1,1,0,0,20260422,20991231
3_132295,1,1,1,1,1,0,0,20260423,20991231
3_132296,1,1,1,1,1,0,0,20260423,20991231
3_132305,1,1,1,1,1,0,0,20260423,20991231
3_132306,1,1,1,1,1,0,0,20260423,20991231
3_132307,1,1,1,1,1,0,0,20260423,20991231
3_132312,1,1,1,1,1,0,0,20260423,20991231
3_132338,0,0,0,0,0,1,1,20260425,20991231
3_132350,0,0,0,0,0,1,1,20260425,20991231
3_132351,0,0,0,0,0,1,1,20260425,20991231
3_132352,0,0,0,0,0,1,1,20260425,20991231
3_132353,0,0,0,0,0,1,1,20260425,20991231
3_132354,0,0,0,0,0,1,1,20260425,20991231
3_132355,0,0,0,0,0,1,1,20260425,20991231
3_132356,0,0,0,0,0,1,1,20260425,20991231
3_132372,0,0,0,0,0,1,1,20260425,20991231
3_132380,0,0,0,0,0,1,1,20260425,20991231
3_132381,0,0,0,0,0,1,1,20260425,20991231
3_132386,0,0,0,0,0,1,1,20260425,20991231
3_132387,0,0,0,0,0,1,1,20260425,20991231
3_132388,0,0,0,0,0,1,1,20260425,20991231
3_132389,0,0,0,0,0,1,1,20260425,20991231
3_132394,0,0,0,0,0,1,1,20260425,20991231
3_132407,0,0,0,0,0,1,1,20260425,20991231
3_132408,0,0,0,0,0,1,1,20260425,20991231
3_132436,0,0,0,0,0,1,1,20260501,20991231
3_132437,0,0,0,0,0,1,1,20260501,20991231
3_132438,0,0,0,0,0,1,1,20260501,20991231
3_132439,0,0,0,0,0,1,1,20260501,20991231
3_132457,1,1,1,1,1,0,0,20260427,20991231
3_132458,1,1,1,1,1,0,0,20260427,20991231
3_132459,1,1,1,1,1,0,0,20260427,20991231
3_132467,1,1,1,1,1,0,0,20260427,20991231
3_132468,1,1,1,1,1,0,0,20260427,20991231
3_132488,1,1,1,1,1,0,0,20260427,20991231
3_132489,0,0,0,0,0,1,1,20260425,20991231
3_132490,0,0,0,0,0,1,1,20260425,20991231
3_132491,0,0,0,0,0,1,1,20260425,20991231
3_132511,1,1,1,1,1,0,0,20260427,20991231
3_132512,1,1,1,1,1,0,0,20260427,20991231
3_132536,1,1,1,1,1,0,0,20260427,20991231
3_132537,1,1,1,1,1,0,0,20260427,20991231
3_132538,1,1,1,1,1,0,0,20260427,20991231
3_132539,1,1,1,1,1,0,0,20260427,20991231
3_132540,1,1,1,1,1,0,0,20260427,20991231
3_132541,1,1,1,1,1,0,0,20260427,20991231
3_132653,0,0,0,0,0,1,1,20260425,20991231
3_132684,1,1,1,1,1,0,0,20260429,20991231
3_132685,1,1,1,1,1,0,0,20260429,20991231
3_132686,1,1,1,1,1,0,0,20260429,20991231
3_132687,1,1,1,1,1,0,0,20260429,20991231
3_132776,1,1,1,1,1,0,0,20260501,20991231
3_132778,1,1,1,1,1,0,0,20260501,20991231
3_132782,0,0,0,0,0,1,1,20260502,20991231
3_132787,1,1,1,1,1,0,0,20260501,20991231
3_132788,1,1,1,1,1,0,0,20260501,20991231
3_132823,0,0,0,0,0,1,1,20260502,20991231
3_132824,0,0,0,0,0,1,1,20260502,20991231
3_132825,0,0,0,0,0,1,1,20260502,20991231
3_132826,0,0,0,0,0,1,1,20260502,20991231
3_132854,0,0,0,0,0,1,1,20260502,20991231
3_132865,1,1,1,1,1,0,0,20260501,20991231
3_132866,1,1,1,1,1,0,0,20260501,20991231
3_132923,0,0,0,0,0,1,1,20260501,20991231
3_132924,0,0,0,0,0,1,1,20260501,20991231
3_132925,0,0,0,0,0,1,1,20260501,20991231
3_132926,0,0,0,0,0,1,1,20260501,20991231
3_132927,0,0,0,0,0,1,1,20260501,20991231
3_132928,0,0,0,0,0,1,1,20260501,20991231
3_132931,0,0,0,0,0,1,1,20260502,20991231
3_132977,0,0,0,0,0,1,1,20260509,20991231
3_132978,0,0,0,0,0,1,1,20260509,20991231
3_132979,0,0,0,0,0,1,1,20260509,20991231
3_133088,1,1,1,1,1,0,0,20260601,20991231
3_133089,1,1,1,1,1,0,0,20260601,20991231
3_133090,1,1,1,1,1,0,0,20260601,20991231
3_133091,1,1,1,1,1,0,0,20260601,20991231
3_133092,1,1,1,1,1,0,0,20260601,20991231
3_133093,1,1,1,1,1,0,0,20260601,20991231
3_133094,1,1,1,1,1,0,0,20260601,20991231
3_133095,1,1,1,1,1,0,0,20260601,20991231
3_133111,0,0,0,0,0,1,1,20260601,20991231
3_133112,0,0,0,0,0,1,1,20260601,20991231
3_133113,0,0,0,0,0,1,1,20260601,20991231
3_133114,0,0,0,0,0,1,1,20260601,20991231
3_133115,0,0,0,0,0,1,1,20260601,20991231
3_133116,0,0,0,0,0,1,1,20260601,20991231
3_133117,0,0,0,0,0,1,1,20260601,20991231
3_133216,1,1,1,1,1,0,0,20260601,20991231
3_133217,1,1,1,1,1,0,0,20260601,20991231
3_133218,1,1,1,1,1,0,0,20260601,20991231
3_133239,1,1,1,1,1,0,0,20260601,20991231
3_133240,1,1,1,1,1,0,0,20260601,20991231
3_133241,1,1,1,1,1,0,0,20260601,20991231
3_133242,1,1,1,1,1,0,0,20260601,20991231
3_133252,1,1,1,1,1,0,0,20260601,20991231
3_133253,1,1,1,1,1,0,0,20260601,20991231
3_133254,1,1,1,1,1,0,0,20260601,20991231
3_133255,1,1,1,1,1,0,0,20260601,20991231
3_133256,1,1,1,1,1,0,0,20260601,20991231
3_133257,1,1,1,1,1,0,0,20260601,20991231
3_133258,1,1,1,1,1,0,0,20260601,20991231
3_133259,1,1,1,1,1,0,0,20260601,20991231
3_133260,1,1,1,1,1,0,0,20260601,20991231
3_133273,1,1,1,1,1,0,0,20260601,20991231
3_133274,1,1,1,1,1,0,0,20260601,20991231
3_133275,1,1,1,1,1,0,0,20260601,20991231
3_133287,1,1,1,1,1,0,0,20260601,20991231
3_133288,1,1,1,1,1,0,0,20260601,20991231
3_133289,1,1,1,1,1,0,0,20260601,20991231
3_133290,1,1,1,1,1,0,0,20260601,20991231
3_133291,1,1,1,1,1,0,0,20260601,20991231
3_133292,1,1,1,1,1,0,0,20260601,20991231
3_133293,1,1,1,1,1,0,0,20260601,20991231
3_133294,1,1,1,1,1,0,0,20260601,20991231
3_133295,1,1,1,1,1,0,0,20260601,20991231
3_133296,1,1,1,1,1,0,0,20260601,20991231
3_133297,1,1,1,1,1,0,0,20260601,20991231
3_133314,1,1,1,1,1,0,0,20260601,20991231
3_133321,1,1,1,1,1,0,0,20260601,20991231
3_133322,1,1,1,1,1,0,0,20260601,20991231
3_133328,1,1,1,1,1,0,0,20260601,20991231
3_133329,1,1,1,1,1,0,0,20260601,20991231
3_133330,1,1,1,1,1,0,0,20260601,20991231
3_133331,1,1,1,1,1,0,0,20260601,20991231
3_133332,1,1,1,1,1,0,0,20260601,20991231
3_133333,1,1,1,1,1,0,0,20260601,20991231
3_133334,1,1,1,1,1,0,0,20260601,20991231
3_133335,1,1,1,1,1,0,0,20260601,20991231
3_133336,1,1,1,1,1,0,0,20260601,20991231
3_133337,1,1,1,1,1,0,0,20260601,20991231
3_133338,1,1,1,1,1,0,0,20260601,20991231
3_133341,1,1,1,1,1,0,0,20260601,20991231
3_133342,1,1,1,1,1,0,0,20260601,20991231
3_133343,1,1,1,1,1,0,0,20260601,20991231
3_133344,1,1,1,1,1,0,0,20260601,20991231
3_133345,1,1,1,1,1,0,0,20260601,20991231
3_133346,1,1,1,1,1,0,0,20260601,20991231
3_133347,1,1,1,1,1,0,0,20260601,20991231
3_133348,1,1,1,1,1,0,0,20260601,20991231
3_133349,1,1,1,1,1,0,0,20260601,20991231
3_133350,1,1,1,1,1,0,0,20260601,20991231
3_133362,1,1,1,1,1,0,0,20260601,20991231
3_133363,1,1,1,1,1,0,0,20260601,20991231
3_133364,1,1,1,1,1,0,0,20260601,20991231
3_133365,1,1,1,1,1,0,0,20260601,20991231
3_133366,1,1,1,1,1,0,0,20260601,20991231
3_133367,1,1,1,1,1,0,0,20260601,20991231
3_133368,1,1,1,1,1,0,0,20260601,20991231
3_133369,1,1,1,1,1,0,0,20260601,20991231
3_133370,1,1,1,1,1,0,0,20260601,20991231
3_133371,1,1,1,1,1,0,0,20260601,20991231
3_133372,1,1,1,1,1,0,0,20260601,20991231
3_133373,1,1,1,1,1,0,0,20260601,20991231
3_133374,1,1,1,1,1,0,0,20260601,20991231
3_133375,1,1,1,1,1,0,0,20260601,20991231
3_133376,1,1,1,1,1,0,0,20260601,20991231
3_133377,1,1,1,1,1,0,0,20260601,20991231
3_133378,1,1,1,1,1,0,0,20260601,20991231
3_133379,0,0,0,0,0,1,1,20260601,20991231
3_133380,0,0,0,0,0,1,1,20260601,20991231
3_133381,0,0,0,0,0,1,1,20260601,20991231
3_133382,0,0,0,0,0,1,1,20260601,20991231
3_133383,1,1,1,1,1,0,0,20260601,20991231
3_133384,1,1,1,1,1,0,0,20260601,20991231
3_133389,1,1,1,1,1,0,0,20260601,20991231
3_133390,1,1,1,1,1,0,0,20260601,20991231
3_133391,1,1,1,1,1,0,0,20260601,20991231
3_133392,1,1,1,1,1,0,0,20260601,20991231
3_133393,1,1,1,1,1,0,0,20260601,20991231
3_133394,1,1,1,1,1,0,0,20260601,20991231
3_133395,1,1,1,1,1,0,0,20260601,20991231
3_133396,1,1,1,1,1,0,0,20260601,20991231
3_133406,0,0,0,0,0,1,1,20260601,20991231
3_133407,0,0,0,0,0,1,1,20260601,20991231
3_133408,0,0,0,0,0,1,1,20260601,20991231
3_133409,0,0,0,0,0,1,1,20260601,20991231
3_133410,0,0,0,0,0,1,1,20260601,20991231
3_133411,1,1,1,1,1,0,0,20260601,20991231
3_133412,1,1,1,1,1,0,0,20260601,20991231
3_133427,1,1,1,1,1,0,0,20260601,20991231
3_133428,1,1,1,1,1,0,0,20260601,20991231
3_133449,1,1,1,1,1,0,0,20260602,20991231
3_133450,1,1,1,1,1,0,0,20260602,20991231
3_133451,1,1,1,1,1,0,0,20260602,20991231
3_133514,1,1,1,1,1,0,0,20260604,20991231
3_133515,1,1,1,1,1,0,0,20260604,20991231
3_133516,0,0,0,0,0,1,1,20260605,20991231
3_133517,0,0,0,0,0,1,1,20260605,20991231
3_133518,0,0,0,0,0,1,1,20260605,20991231
3_133519,0,0,0,0,0,1,1,20260605,20991231
3_133520,0,0,0,0,0,1,1,20260605,20991231
3_133521,0,0,0,0,0,1,1,20260605,20991231
3_133522,0,0,0,0,0,1,1,20260605,20991231
3_133523,0,0,0,0,0,1,1,20260605,20991231
3_133527,0,0,0,0,0,1,1,20260605,20991231
3_133528,0,0,0,0,0,1,1,20260605,20991231
3_133535,0,0,0,0,0,1,1,20260605,20991231
3_133536,0,0,0,0,0,1,1,20260605,20991231
3_133550,1,1,1,1,1,0,0,20260605,20991231
3_133551,1,1,1,1,1,0,0,20260605,20991231
3_133555,0,0,0,0,0,1,1,20260606,20991231
3_133556,0,0,0,0,0,1,1,20260606,20991231
3_133569,0,0,0,0,0,1,1,20260606,20991231
3_133570,0,0,0,0,0,1,1,20260606,20991231
3_133571,0,0,0,0,0,1,1,20260606,20991231
3_133572,0,0,0,0,0,1,1,20260606,20991231
3_133573,0,0,0,0,0,1,1,20260606,20991231
3_133574,0,0,0,0,0,1,1,20260606,20991231
3_133575,0,0,0,0,0,1,1,20260606,20991231
3_133576,0,0,0,0,0,1,1,20260606,20991231
3_133577,0,0,0,0,0,1,1,20260606,20991231
3_133578,0,0,0,0,0,1,1,20260606,20991231
3_133579,0,0,0,0,0,1,1,20260606,20991231
3_133580,1,1,1,1,1,0,0,20260608,20991231
3_133581,1,1,1,1,1,0,0,20260608,20991231
3_133582,1,1,1,1,1,0,0,20260608,20991231
3_133583,1,1,1,1,1,0,0,20260608,20991231
3_133584,1,1,1,1,1,0,0,20260605,20991231
3_133585,1,1,1,1,1,0,0,20260605,20991231
3_133586,1,1,1,1,1,0,0,20260605,20991231
3_133587,1,1,1,1,1,0,0,20260605,20991231
3_133588,1,1,1,1,1,0,0,20260605,20991231
3_133589,1,1,1,1,1,0,0,20260605,20991231
3_133614,0,0,0,0,0,1,1,20260606,20991231
3_133615,0,0,0,0,0,1,1,20260606,20991231
3_133616,0,0,0,0,0,1,1,20260606,20991231
3_133617,0,0,0,0,0,1,1,20260606,20991231
3_133618,0,0,0,0,0,1,1,20260606,20991231
3_133619,0,0,0,0,0,1,1,20260606,20991231
3_133640,0,0,0,0,0,1,1,20260613,20991231
3_133641,0,0,0,0,0,1,1,20260613,20991231
3_133642,0,0,0,0,0,1,1,20260613,20991231
3_133669,0,0,0,0,0,1,1,20260620,20991231
3_133670,0,0,0,0,0,1,1,20260620,20991231
3_133726,0,0,0,0,0,1,1,20260627,20991231
3_133727,0,0,0,0,0,1,1,20260627,20991231
3_133728,0,0,0,0,0,1,1,20260627,20991231
3_133729,0,0,0,0,0,1,1,20260628,20991231
3_133730,0,0,0,0,0,1,1,20260628,20991231
3_133731,0,0,0,0,0,1,1,20260628,20991231
3_133732,0,0,0,0,0,1,1,20260628,20991231
3_133733,0,0,0,0,0,1,1,20260628,20991231
3_133734,0,0,0,0,0,1,1,20260628,20991231
3_133735,0,0,0,0,0,1,1,20260628,20991231
3_133771,1,1,1,1,1,0,0,20260629,20991231
3_133772,1,1,1,1,1,0,0,20260629,20991231
3_133773,1,1,1,1,1,0,0,20260629,20991231
3_133774,1,1,1,1,1,0,0,20260629,20991231
3_133775,1,1,1,1,1,0,0,20260629,20991231
3_133776,1,1,1,1,1,0,0,20260629,20991231
3_133777,1,1,1,1,1,0,0,20260629,20991231
3_133778,1,1,1,1,1,0,0,20260629,20991231
3_133835,0,0,0,0,0,1,1,20260701,20991231
3_133836,0,0,0,0,0,1,1,20260701,20991231
3_133837,1,1,1,1,1,0,0,20260629,20991231
3_133838,1,1,1,1,1,0,0,20260701,20991231
3_133839,1,1,1,1,1,0,0,20260701,20991231
3_133840,1,1,1,1,1,0,0,20260701,20991231
3_133857,1,1,1,1,1,0,0,20260701,20991231
3_133858,1,1,1,1,1,0,0,20260701,20991231
3_133859,1,1,1,1,1,0,0,20260701,20991231
3_133860,1,1,1,1,1,0,0,20260701,20991231
3_133861,1,1,1,1,1,0,0,20260701,20991231
3_133862,1,1,1,1,1,0,0,20260701,20991231
3_133863,1,1,1,1,1,0,0,20260701,20991231
3_133864,1,1,1,1,1,0,0,20260701,20991231
3_133865,1,1,1,1,1,0,0,20260701,20991231
3_133866,1,1,1,1,1,0,0,20260701,20991231
3_133867,1,1,1,1,1,0,0,20260701,20991231
3_133868,1,1,1,1,1,0,0,20260701,20991231
3_133869,1,1,1,1,1,0,0,20260701,20991231
3_133870,1,1,1,1,1,0,0,20260701,20991231
3_133871,1,1,1,1,1,0,0,20260701,20991231
3_133884,1,1,1,1,1,0,0,20260701,20991231
3_133885,1,1,1,1,1,0,0,20260701,20991231
3_133886,1,1,1,1,1,0,0,20260701,20991231
3_133887,1,1,1,1,1,0,0,20260701,20991231
3_133888,1,1,1,1,1,0,0,20260701,20991231
3_133897,1,1,1,1,1,0,0,20260701,20991231
3_133898,1,1,1,1,1,0,0,20260701,20991231
3_133899,1,1,1,1,1,0,0,20260701,20991231
3_133900,1,1,1,1,1,0,0,20260701,20991231
3_133901,1,1,1,1,1,0,0,20260701,20991231
3_133902,1,1,1,1,1,0,0,20260701,20991231
3_133903,1,1,1,1,1,0,0,20260701,20991231
3_133904,1,1,1,1,1,0,0,20260701,20991231
3_133905,1,1,1,1,1,0,0,20260701,20991231
3_133914,1,1,1,1,1,0,0,20260701,20991231
3_133915,1,1,1,1,1,0,0,20260701,20991231
3_133926,1,1,1,1,1,0,0,20260702,20991231
3_133927,1,1,1,1,1,0,0,20260702,20991231
3_133940,0,0,0,0,0,1,1,20260704,20991231
3_133941,0,0,0,0,0,1,1,20260704,20991231
3_133942,0,0,0,0,0,1,1,20260704,20991231
3_133943,0,0,0,0,0,1,1,20260704,20991231
3_133944,0,0,0,0,0,1,1,20260704,20991231
3_133949,0,0,0,0,0,1,1,20260704,20991231
3_133950,0,0,0,0,0,1,1,20260704,20991231
3_133951,0,0,0,0,0,1,1,20260704,20991231
3_133952,0,0,0,0,0,1,1,20260704,20991231
3_133953,0,0,0,0,0,1,1,20260704,20991231
3_133954,0,0,0,0,0,1,1,20260704,20991231
3_133955,0,0,0,0,0,1,1,20260704,20991231
3_133956,0,0,0,0,0,1,1,20260704,20991231
3_133957,0,0,0,0,0,1,1,20260704,20991231
3_133958,0,0,0,0,0,1,1,20260704,20991231
3_133959,0,0,0,0,0,1,1,20260704,20991231
3_133960,0,0,0,0,0,1,1,20260704,20991231
3_133961,0,0,0,0,0,1,1,20260704,20991231
3_133962,0,0,0,0,0,1,1,20260704,20991231
3_133963,0,0,0,0,0,1,1,20260704,20991231
3_133964,0,0,0,0,0,1,1,20260704,20991231
3_133965,0,0,0,0,0,1,1,20260704,20991231
3_133966,0,0,0,0,0,1,1,20260704,20991231
3_133967,0,0,0,0,0,1,1,20260704,20991231
3_133968,0,0,0,0,0,1,1,20260704,20991231
3_133969,0,0,0,0,0,1,1,20260704,20991231
3_133970,0,0,0,0,0,1,1,20260704,20991231
3_133971,0,0,0,0,0,1,1,20260704,20991231
3_133972,0,0,0,0,0,1,1,20260704,20991231
3_133973,0,0,0,0,0,1,1,20260704,20991231
3_133974,0,0,0,0,0,1,1,20260704,20991231
3_133975,0,0,0,0,0,1,1,20260704,20991231
3_133976,0,0,0,0,0,1,1,20260704,20991231
3_133977,0,0,0,0,0,1,1,20260704,20991231
3_133978,0,0,0,0,0,1,1,20260704,20991231
3_133979,0,0,0,0,0,1,1,20260704,20991231
3_133980,0,0,0,0,0,1,1,20260704,20991231
3_133981,0,0,0,0,0,1,1,20260704,20991231
3_133982,0,0,0,0,0,1,1,20260704,20991231
3_133983,0,0,0,0,0,1,1,20260704,20991231
3_133984,0,0,0,0,0,1,1,20260704,20991231
3_133985,0,0,0,0,0,1,1,20260704,20991231
3_133986,0,0,0,0,0,1,1,20260704,20991231
3_133987,0,0,0,0,0,1,1,20260704,20991231
3_133988,0,0,0,0,0,1,1,20260704,20991231
3_133989,1,1,1,1,1,0,0,20260706,20991231
3_133990,1,1,1,1,1,0,0,20260706,20991231
3_133991,1,1,1,1,1,0,0,20260708,20991231
3_133992,0,0,0,0,0,1,1,20260711,20991231
3_133997,1,1,1,1,1,0,0,20260713,20260716
3_133998,1,1,1,1,1,0,0,20260713,20260716
3_133999,1,1,1,1,1,0,0,20260713,20260716
3_134000,1,1,1,1,1,0,0,20260713,20260716
3_134001,1,1,1,1,1,0,0,20260709,20991231
3_134002,1,1,1,1,1,0,0,20260709,20991231
3_134003,1,1,1,1,1,0,0,20260709,20991231
3_134004,1,1,1,1,1,0,0,20260709,20991231
3_134005,1,1,1,1,1,0,0,20260709,20991231
3_134006,1,1,1,1,1,0,0,20260709,20991231
3_134007,1,1,1,1,1,0,0,20260709,20991231
3_134008,1,1,1,1,1,0,0,20260709,20991231
3_134009,1,1,1,1,1,0,0,20260709,20991231
3_134010,1,1,1,1,1,0,0,20260709,20991231
3_134011,1,1,1,1,1,0,0,20260709,20991231
3_134012,1,1,1,1,1,0,0,20260709,20991231
3_134013,1,1,1,1,1,0,0,20260709,20991231
3_134014,1,1,1,1,1,0,0,20260709,20991231
3_134015,1,1,1,1,1,0,0,20260709,20991231
3_134016,1,1,1,1,1,0,0,20260709,20991231
3_134017,1,1,1,1,1,0,0,20260709,20991231
3_134018,1,1,1,1,1,0,0,20260709,20991231
3_134019,1,1,1,1,1,0,0,20260709,20991231
3_134020,1,1,1,1,1,0,0,20260709,20991231
3_134021,1,1,1,1,1,0,0,20260709,20991231
3_134022,1,1,1,1,1,0,0,20260709,20991231
3_134023,1,1,1,1,1,0,0,20260709,20991231
3_134024,1,1,1,1,1,0,0,20260709,20991231
3_134025,1,1,1,1,1,0,0,20260709,20991231
3_134026,1,1,1,1,1,0,0,20260709,20991231
3_134027,1,1,1,1,1,0,0,20260709,20991231
3_134028,1,1,1,1,1,0,0,20260709,20991231
3_134029,1,1,1,1,1,0,0,20260709,20991231
3_134044,1,1,1,1,1,0,0,20260709,20991231
3_134045,1,1,1,1,1,0,0,20260709,20991231
3_134046,1,1,1,1,1,0,0,20260709,20991231
3_134047,1,1,1,1,1,0,0,20260709,20991231
3_134048,1,1,1,1,1,0,0,20260709,20991231
3_134049,1,1,1,1,1,0,0,20260709,20991231
3_134050,1,1,1,1,1,0,0,20260709,20991231
3_134051,1,1,1,1,1,0,0,20260709,20991231
3_134052,1,1,1,1,1,0,0,20260709,20991231
3_134053,1,1,1,1,1,0,0,20260709,20991231
3_134054,1,1,1,1,1,0,0,20260709,20991231
3_134055,1,1,1,1,1,0,0,20260709,20991231
3_134056,1,1,1,1,1,0,0,20260709,20991231
3_134057,1,1,1,1,1,0,0,20260709,20991231
3_134058,1,1,1,1,1,0,0,20260709,20991231
3_134059,1,1,1,1,1,0,0,20260709,20991231
3_134060,1,1,1,1,1,0,0,20260709,20991231
3_134061,1,1,1,1,1,0,0,20260709,20991231
3_134062,1,1,1,1,1,0,0,20260709,20991231
3_134063,1,1,1,1,1,0,0,20260709,20991231
3_134064,1,1,1,1,1,0,0,20260709,20991231
3_134065,1,1,1,1,1,0,0,20260709,20991231
3_134066,1,1,1,1,1,0,0,20260709,20991231
3_134067,1,1,1,1,1,0,0,20260709,20991231
3_134068,1,1,1,1,1,0,0,20260709,20991231
3_134069,1,1,1,1,1,0,0,20260709,20991231
3_134070,1,1,1,1,1,0,0,20260709,20991231
3_134094,0,0,0,0,0,1,1,20260712,20991231
3_134095,0,0,0,0,0,1,1,20260712,20991231
3_134103,0,0,0,0,0,1,1,20260712,20991231
3_134104,0,0,0,0,0,1,1,20260712,20991231
3_134105,0,0,0,0,0,1,1,20260712,20991231
3_134106,0,0,0,0,0,1,1,20260712,20991231
3_134107,1,1,1,1,1,0,0,20260713,20991231
3_134108,1,1,1,1,1,0,0,20260713,20991231
3_134109,1,1,1,1,1,0,0,20260713,20991231
3_134110,1,1,1,1,1,0,0,20260713,20991231
3_134111,1,1,1,1,1,0,0,20260713,20991231
3_134112,1,1,1,1,1,0,0,20260713,20991231
3_134113,1,1,1,1,1,0,0,20260713,20991231
3_134114,1,1,1,1,1,0,0,20260713,20991231
3_134115,1,1,1,1,1,0,0,20260713,20991231
3_134116,1,1,1,1,1,0,0,20260713,20991231
3_134117,1,1,1,1,1,0,0,20260713,20991231
3_134118,1,1,1,1,1,0,0,20260713,20991231
3_134119,1,1,1,1,1,0,0,20260713,20991231
3_134120,1,1,1,1,1,0,0,20260713,20991231
3_134121,1,1,1,1,1,0,0,20260713,20991231
3_134122,1,1,1,1,1,0,0,20260713,20991231
3_134123,1,1,1,1,1,0,0,20260713,20991231
3_134124,1,1,1,1,1,0,0,20260713,20991231
3_134125,1,1,1,1,1,0,0,20260713,20991231
3_134126,1,1,1,1,1,0,0,20260713,20991231
3_134127,1,1,1,1,1,0,0,20260713,20991231
3_134128,1,1,1,1,1,0,0,20260713,20991231
3_134129,1,1,1,1,1,0,0,20260713,20991231
3_134130,1,1,1,1,1,0,0,20260713,20991231
3_134131,1,1,1,1,1,0,0,20260713,20991231
3_134132,1,1,1,1,1,0,0,20260713,20991231
3_134133,1,1,1,1,1,0,0,20260713,20991231
3_134134,1,1,1,1,1,0,0,20260713,20991231
3_134135,1,1,1,1,1,0,0,20260713,20991231
3_134136,1,1,1,1,1,0,0,20260714,20991231
3_134137,1,1,1,1,1,0,0,20260714,20991231
3_134138,1,1,1,1,1,0,0,20260714,20991231
3_134139,1,1,1,1,1,0,0,20260714,20991231
3_134140,1,1,1,1,1,0,0,20260714,20991231
3_134141,1,1,1,1,1,0,0,20260714,20991231
3_134142,1,1,1,1,1,0,0,20260715,20991231
3_134143,1,1,1,1,1,0,0,20260715,20991231
3_134144,1,1,1,1,1,0,0,20260715,20991231
3_134145,1,1,1,1,1,0,0,20260715,20991231
3_134146,1,1,1,1,1,0,0,20260715,20991231
3_134151,1,1,1,1,1,0,0,20260715,20991231
3_134152,1,1,1,1,1,0,0,20260715,20991231
3_134153,1,1,1,1,1,0,0,20260715,20991231
3_134154,1,1,1,1,1,0,0,20260715,20991231
3_134155,1,1,1,1,1,0,0,20260715,20991231
3_134156,1,1,1,1,1,0,0,20260715,20991231
3_134157,1,1,1,1,1,0,0,20260715,20991231
